PARTICLE	0	0.001000	-1.500000	-1.500000	0.000000	0.000000	0.000000	0.000000
PARTICLE	1	0.001000	1.500000	-1.500000	0.000000	0.000000	0.000000	0.000000
PARTICLE	2	0.001000	-1.500000	1.500000	0.000000	0.000000	0.000000	0.000000
PARTICLE	3	0.001000	1.500000	1.500000	0.000000	0.000000	0.000000	0.000000
PARTICLE	4	0.057692	-0.894231	0.370537	0.000000	0.000000	0.000000	0.000000
PARTICLE	5	0.057692	-0.829457	0.149963	0.000000	-0.299669	-0.047570	0.000000
PARTICLE	6	0.057692	-0.838623	-0.073295	0.000000	0.042661	-0.012657	0.000000
PARTICLE	7	0.057692	-0.788779	-0.280041	0.000000	0.033623	-0.008491	0.000000
PARTICLE	8	0.057692	-0.714079	-0.468935	0.000000	-0.519517	-0.290380	0.000000
PARTICLE	9	0.057692	-0.631767	-0.643040	0.000000	-0.495119	-0.363506	0.000000
PARTICLE	10	0.057692	-0.548995	-0.806777	0.000000	-0.245022	-0.350129	0.000000
PARTICLE	11	0.057692	-0.503073	-0.975353	0.000000	-0.309744	-0.490331	0.000000
PARTICLE	12	0.057692	-0.444629	-1.131867	0.000000	-0.325256	-0.627617	0.000000
PARTICLE	13	0.057692	-0.328154	-1.244013	0.000000	-0.189490	-0.677285	0.000000
PARTICLE	14	0.057692	-0.187260	-1.314303	0.000000	0.332529	-0.000485	0.000000
PARTICLE	15	0.057692	-0.048832	-1.328433	0.000000	0.478391	0.299719	0.000000
PARTICLE	16	0.057692	0.042907	-1.228177	0.000000	1.117428	-0.125985	0.000000
PARTICLE	17	0.057692	0.128445	-1.107717	0.000000	0.812075	0.164280	0.000000
PARTICLE	18	0.057692	0.187090	-0.957854	0.000000	0.263222	0.409177	0.000000
PARTICLE	19	0.057692	0.243555	-0.800212	0.000000	-0.217882	0.574593	0.000000
PARTICLE	20	0.057692	0.218726	-0.623333	0.000000	-0.372931	0.497362	0.000000
PARTICLE	21	0.057692	0.209944	-0.434714	0.000000	-0.376823	0.432200	0.000000
PARTICLE	22	0.057692	0.174090	-0.240237	0.000000	-0.395437	0.333564	0.000000
PARTICLE	23	0.057692	0.248525	-0.047779	0.000000	-0.314475	0.186766	0.000000
PARTICLE	24	0.057692	0.275985	0.160252	0.000000	0.070276	0.062840	0.000000
PARTICLE	25	0.057692	0.317308	0.370537	0.000000	0.000000	0.000000	0.000000
EDGE	3.000000	0	1	
EDGE	3.000000	2	3	
EDGE	3.000000	2	0	
EDGE	3.000000	3	1	
EDGE	0.115385	4	5	
EDGE	0.115385	5	6	
EDGE	0.115385	6	7	
EDGE	0.115385	7	8	
EDGE	0.115385	8	9	
EDGE	0.115385	9	10	
EDGE	0.115385	10	11	
EDGE	0.115385	11	12	
EDGE	0.115385	12	13	
EDGE	0.115385	13	14	
EDGE	0.115385	14	15	
EDGE	0.115385	15	16	
EDGE	0.115385	16	17	
EDGE	0.115385	17	18	
EDGE	0.115385	18	19	
EDGE	0.115385	19	20	
EDGE	0.115385	20	21	
EDGE	0.115385	21	22	
EDGE	0.115385	22	23	
EDGE	0.115385	23	24	
EDGE	0.115385	24	25	

